mono pinhole calibration...
D = [-0.288031175827382, 0.06307797572758711, -9.558234169386542e-05, 0.0014252659205132162, 0.0]
K = [1076.873461155599, 0.0, 992.9846880476084, 0.0, 1075.6597751410989, 523.3036649549291, 0.0, 0.0, 1.0]
R = [1.0, 0.0, 0.0, 0.0, 1.0, 0.0, 0.0, 0.0, 1.0]
P = [754.5179443359375, 0.0, 1025.3620687129878, 0.0, 0.0, 987.6196899414062, 519.4773246375371, 0.0, 0.0, 0.0, 1.0, 0.0]
None
# oST version 5.0 parameters


[image]

width
1920

height
1080

[narrow_stereo]

camera matrix
1076.873461 0.000000 992.984688
0.000000 1075.659775 523.303665
0.000000 0.000000 1.000000

distortion
-0.288031 0.063078 -0.000096 0.001425 0.000000

rectification
1.000000 0.000000 0.000000
0.000000 1.000000 0.000000
0.000000 0.000000 1.000000

projection
754.517944 0.000000 1025.362069 0.000000
0.000000 987.619690 519.477325 0.000000
0.000000 0.000000 1.000000 0.000000

