# FAST-LIVO2 calibration format
Rcl: [  0.015174, -0.999845, -0.008963,
      -0.000064,  0.008963, -0.999960,
       0.999885,  0.015174,  0.000072]
Pcl: [  0.011138, -0.013729, -0.001933]

time: 2025-11-09 13:35:49
lidar_centers: {1.22251,0.469489,0.162461} {1.20686,0.459989,-0.240548} {1.02212,-0.00476969,-0.231809} {1.03459,-0.00284778,0.165745}
qr_centers: {-0.437153,-0.168849,1.22035} {-0.428909,0.230983,1.21219} {0.0313844,0.217519,1.01739} {0.0231407,-0.182312,1.02554}
time: 2025-11-09 13:36:30
lidar_centers: {1.00877,0.393084,0.162758} {1.00466,0.390533,-0.234382} {1.36321,0.0499418,-0.236953} {1.36222,0.0573255,0.159175}
qr_centers: {-0.364157,-0.174763,1.00578} {-0.359534,0.225174,1.00043} {-0.0101833,0.225917,1.35814} {-0.0148062,-0.17402,1.36348}
time: 2025-11-09 13:37:09
lidar_centers: {1.0297,0.27961,0.160083} {1.0247,0.276655,-0.234016} {1.00927,-0.222608,-0.225249} {1.01441,-0.215452,0.168747}
qr_centers: {-0.262392,-0.17448,1.04141} {-0.252339,0.225362,1.03643} {0.246834,0.212492,1.01072} {0.236781,-0.187351,1.0157}
