# FAST-LIVO2 calibration format
Rcl: [  0.005370, -0.999986, -0.000284,
       0.000595,  0.000287, -1.000000,
       0.999985,  0.005370,  0.000596]
Pcl: [  0.006727, -0.035795, -0.002669]

time: 2025-10-20 12:30:28
lidar_centers: {1.28366,0.178345,0.183348} {1.28162,0.197859,-0.21117} {1.37794,-0.3132,-0.229916} {1.37475,-0.305008,0.166828}
qr_centers: {-0.168841,-0.22176,1.28532} {-0.183931,0.177946,1.28265} {0.307112,0.197101,1.3749} {0.322202,-0.202606,1.37757}
time: 2025-10-20 12:32:35
lidar_centers: {1.14579,0.478785,0.202396} {1.11751,0.502443,-0.17593} {0.974392,0.0185273,-0.19523} {1.00634,0.00285383,0.19758}
qr_centers: {-0.463744,-0.246165,1.15195} {-0.478247,0.152595,1.12401} {-0.00513619,0.158475,0.962358} {0.00936624,-0.240284,0.990296}
time: 2025-10-20 12:33:49
lidar_centers: {0.959253,0.355693,0.111108} {0.984288,0.368637,-0.283981} {1.06272,-0.119978,-0.290428} {1.03781,-0.133728,0.104741}
qr_centers: {-0.34615,-0.147284,0.957563} {-0.356446,0.251653,0.984827} {0.138108,0.259414,1.05801} {0.148404,-0.139523,1.03075}